&layer
   nc          = 200,
   thick       = 0.0055,
   r0          = 1.1,
   te0         = 0.00001,
   ti0         = 0.00001,
   zonpar      = -1.02
   material    = 'Polystyrene',
/

